
P2: 9.5475801763784284e+02 0.000000000000e+00 1.0119427712890507e+03 0.000000000000e+00 0.000000000000e+00 9.5512634209401301e+02 5.5224200952327158e+02 0.000000000000e+00 0.000000000000e+00 0.000000000000e+00 1.000000000000 0.000000000000e+00
Tr_velo_to_cam: -0.9979 0.0642 0.0023 0.181138 -0.0015 0.0123 -0.9999 0.495025 -0.0642 -0.9979 -0.0121 0.171722 0 0 0 1



R0_rect: 9.999128000000e-01 1.009263000000e-02 -8.511932000000e-03 -1.012729000000e-02 9.999406000000e-01 -4.037671000000e-03 8.470675000000e-03 4.123522000000e-03 9.999556000000e-01

